2021-01-04,"b'@biostonks You\xe2\x80\x99re missing $IONS, $ABUS, and $SLN'"
2021-01-03,b'RT @IonisDisrupts: #ArkInvest doubled number of $Ions shares in Dec. #ARK #ArkG #ArkIn #biotech #jpm21 https://t.co/G1yJu4PJ3o'
2021-01-03,"b'$NIOBF Share Price To Rise, Announcement Of Joint Venture With Top US Firm Readied For Release\nhttps://t.co/Mv3xmUJu9A\n\n$SM $IONS $JBLU $LIGA $ECEZ $GG $ENB $DDR $ANF $CPE'"
2021-01-02,b'Looks like $rgls will get the sorely needed cash to fund couple of their programs. Does anyone know if they will have access to $ions LICA technologies or will they have their own delivery tech?'
2021-01-02,b'RT @IonisDisrupts: #ArkInvest doubled number of $Ions shares in Dec. #ARK #ArkG #ArkIn #biotech #jpm21 https://t.co/G1yJu4PJ3o'
2021-01-02,b'#ArkInvest doubled number of $Ions shares in Dec. #ARK #ArkG #ArkIn #biotech #jpm21 https://t.co/G1yJu4PJ3o'
2021-01-02,"b""@AAMortazavi @Biohazard3737 So 220 on rejection is your guess? I think not big enough to make it poisoned need 20-25B$, and a 100% premium might be too steep to sell to own shreholders I'd guess... but I'll think it through some more $BIIB for $IONS is interesting!"""
2021-01-02,"b'@AAMortazavi @Biohazard3737 Yes managements often like to buy their partners as it also sends a signal ""we have this good stuff partnered already look how well we did and this is not a desperate aquisition"" Not sure $IONS is large enough to be posionous thought'"
2021-01-02,b'@SnupSnus @Biohazard3737 Yes that\xe2\x80\x99s possible too. I think $IONS is a candidate too.'
2021-01-01,b'RT @Joshuatrader1: $MGA $NNDM $BIDU $REGN $ZM $NVS $RHHBY $TAK $KSPI $TCEHY $BEAM $BABA $IONS $SURF $VRTX $NIU $RPTX $TCS $BLI $BEKE $CSTL\xe2\x80\xa6'
2021-01-01,b'$MGA $NNDM $BIDU $REGN $ZM $NVS $RHHBY $TAK $KSPI $TCEHY $BEAM $BABA $IONS $SURF $VRTX $NIU $RPTX $TCS $BLI $BEKE $CSTL $GOOGL $TDOC $NTDOY $TXG $GH $TMO $MASS $LGVW $INCY'
2021-01-01,"b'RT @KermitCapital: Today Ark Invest\n\nBought:\n$ZM, $59.3M \xf0\x9f\x9a\xa8\n$TCEHY, $49.6M \xf0\x9f\x9a\xa8\n$TDOC, $38.5M \xf0\x9f\x9a\xa8\n$BEKE, $35.9M\n$REGN, $34.7M\n$SHOP, $27.6M\n$NVS,\xe2\x80\xa6'"
2021-01-01,b'Form S-8 (securities to be offered to employees in employee benefit plans) filed with the SEC $IONS https://t.co/fM2mjyjIZM'
2020-12-31,"b'RT @TradeWithAlerts: Large Print $IONS Size: 191922 Price: 56.54 Time: 1600 Amount: $10,851,269.88'"
2020-12-31,"b'$IONS Ionis Pharmaceuticals, Inc. SEC Filing: Form S-8 https://t.co/lhdaMEDJrR'"
2020-12-31,b'$IONS / Ionis Pharmaceuticals files S-8 registration statement (stock option plan) https://t.co/0ahTaF1WiV'
2020-12-31,"b'Large Print $IONS Size: 191922 Price: 56.54 Time: 1600 Amount: $10,851,269.88'"
2020-12-31,b'@IonisDisrupts @IBD_AGatlin @menosave @ARKInvest @CathieDWood @Fidelity Place your bet now. 2021 will be an exciting year for $ions. 1st up should be IONIS-GHR-L. Trial is targeted to be completed by 1/31/21. $ions recently started a new trial to test mono-therapy on this target. Should have a good data read out! https://t.co/GcxoViELlH'
2020-12-31,"b'@3IDWarrant @IBD_AGatlin @MarkC53916729 @menosave The $azn, $Ions partnership will continue to be extremely beneficial to both as well #humankind. #science #medicine. @AstraZeneca'"
2020-12-31,"b'@IBD_AGatlin @menosave $ions will have a dozen trial updates at min, many unpartnered. $CRSP $EDIT $NTLA $ARKK $AMGN $GMAB $XNCR $MGNX $RHHBY $SGEN $GILD $IMGN $MRSN $ZYME $STRO $ARWR $PFE $BNTX $MRNA $TBIO $ARCT $ILMN $EXAS $GH $biib $azn $pfe $mrna $NTRA $arkg $alny @ARKInvest @CathieDWood @Fidelity'"
2020-12-31,"b""RT @Joshuatrader1: @TranscendentTM They've been buying a lot of pharmaceutical companies the pat few weeks...  $REGN $VRTX $NVS $RHHBY $TAK\xe2\x80\xa6"""
2020-12-31,"b""@menosave That said, there are other companies in this story that aren't CAN SLIM stocks. It's just that RNAi wasn't among the technologies mentioned by experts as being potentially disruptive in 2021. I'm looking forward to what $ARWR, $ALNY and $IONS do next year."""
2020-12-31,"b'RT @Singlemalt_18: @IonisDisrupts @SelfThink4 Your targets are realistic; the timeframe would be a catapult into the present tense, for sur\xe2\x80\xa6'"
2020-12-31,"b'@IonisDisrupts @SelfThink4 Your targets are realistic; the timeframe would be a catapult into the present tense, for sure. $IONS'"
2020-12-31,"b""@TranscendentTM They've been buying a lot of pharmaceutical companies the pat few weeks...  $REGN $VRTX $NVS $RHHBY $TAK $TMO $IONS"""
2020-12-31,"b""Today's picks: $DEO $ZG $NATI $KELYB $PHR $IMOS $BHE $IONS $CDE $SEER. More details at https://t.co/FOOriXawTk"""
2020-12-31,b'RT @eWhispers: #earnings before the open tomorrow \n\nhttps://t.co/lObOE0dgsr \n\n$WEN $SMG $HLT $BBSI $PFGC $IONS $HLNE $AVA $BWEN $SBGI $FUN\xe2\x80\xa6'
2020-12-31,"b'$NET Share Price To Rise, Announcement Of Joint Venture With Top US Firm Readied For Release\nhttps://t.co/Mv3xmUJu9A\n\n$SM $IONS $JBLU $LIGA $ECEZ $GG $ENB $DDR $ANF $CPE'"
2020-12-31,b'$gh 2.94%\n$googl 2.94%\n$incy 2.94%\n$ions 2.94%\n$iova 2.94%\n$lgvw 2.94%\n$mass 2.94%\n$mcrb 0.00%\n$nstg 2.94%\n$ntla 0.00%\n$nvs 3.64%\n$nvta 0.00%\n$onvo 0.00%\n$pacb 0.00%\n$phr 2.94%\n$psnl 0.00%\n$pstg 2.94%\n$psti 2.94%\n$regn 2.94%\n$rhhby 7.47% \xf0\x9f\x91\x80\n$rptx 5.83% \xf0\x9f\x91\x80'
2020-12-30,b'RT @portefeuillefun: Time for my #biotech recommendations for 2021.\n\nfrom the larger cap ones:\n$GLPG\n$IONS\n$QURE\n$BNTX\n$ARWR\n$RCKT\n$PRTC\n\na\xe2\x80\xa6'
2020-12-30,b'@SelfThink4 When $ions has a mv of $20 billion+ they might entertain an offer of $35 to 40 billion. With a little luck the former could happen in 2021. $gbt $crsp $auph $tril $tgtx $gild $biib $edit $ntla $dnli $alny $eigr $drrx $fbiox $fgen $tak $mrna $ibb'
2020-12-30,b'RT @portefeuillefun: Time for my #biotech recommendations for 2021.\n\nfrom the larger cap ones:\n$GLPG\n$IONS\n$QURE\n$BNTX\n$ARWR\n$RCKT\n$PRTC\n\na\xe2\x80\xa6'
2020-12-30,b'RT @portefeuillefun: Time for my #biotech recommendations for 2021.\n\nfrom the larger cap ones:\n$GLPG\n$IONS\n$QURE\n$BNTX\n$ARWR\n$RCKT\n$PRTC\n\na\xe2\x80\xa6'
2020-12-30,"b'RT @KermitCapital: Today Ark Invest\n\nBought:\n$ZM, $59.3M \xf0\x9f\x9a\xa8\n$TCEHY, $49.6M \xf0\x9f\x9a\xa8\n$TDOC, $38.5M \xf0\x9f\x9a\xa8\n$BEKE, $35.9M\n$REGN, $34.7M\n$SHOP, $27.6M\n$NVS,\xe2\x80\xa6'"
2020-12-30,"b'RT @KermitCapital: Today Ark Invest\n\nBought:\n$ZM, $59.3M \xf0\x9f\x9a\xa8\n$TCEHY, $49.6M \xf0\x9f\x9a\xa8\n$TDOC, $38.5M \xf0\x9f\x9a\xa8\n$BEKE, $35.9M\n$REGN, $34.7M\n$SHOP, $27.6M\n$NVS,\xe2\x80\xa6'"
2020-12-30,b'RT @portefeuillefun: Time for my #biotech recommendations for 2021.\n\nfrom the larger cap ones:\n$GLPG\n$IONS\n$QURE\n$BNTX\n$ARWR\n$RCKT\n$PRTC\n\na\xe2\x80\xa6'
2020-12-30,b'RT @portefeuillefun: Time for my #biotech recommendations for 2021.\n\nfrom the larger cap ones:\n$GLPG\n$IONS\n$QURE\n$BNTX\n$ARWR\n$RCKT\n$PRTC\n\na\xe2\x80\xa6'
2020-12-30,b'Buyout candidates for 2021\n\n$IONS\n$AUPH\n$TRIL\n$CRSP\n$GBT https://t.co/1ywBNtOV9J'
2020-12-30,b'Time for my #biotech recommendations for 2021.\n\nfrom the larger cap ones:\n$GLPG\n$IONS\n$QURE\n$BNTX\n$ARWR\n$RCKT\n$PRTC\n\nand from the smaller ones:\n$ETX\n$SLN\n$AFMD\n$WVE\n$SIOX\n\n$IBB $XBI'
2020-12-30,"b'SOME ARK TRADES YESTERDAY\xc2\xa0\n\nBUY -\xc2\xa0 $BABA , $REGN, $IONS, $SURF, $TAK, $TDOC, $CSTL , $NVS, $BEAM, $RPTX\n\nSELL- $PRLB, $IBKR'"
2020-12-30,b'RT @ArkkDaily: Cathie Wood &amp; @ARKInvest trade activity from today\n\nBought: Alibaba $BABA Tencent $TCEHY Teladoc $TDOC Takeda $TAK Surface $\xe2\x80\xa6'
2020-12-30,b'RT @ArkkDaily: Cathie Wood &amp; @ARKInvest trade activity from today\n\nBought: Alibaba $BABA Tencent $TCEHY Teladoc $TDOC Takeda $TAK Surface $\xe2\x80\xa6'
2020-12-30,b'RT @ArkkDaily: Cathie Wood &amp; @ARKInvest trade activity from today\n\nBought: Alibaba $BABA Tencent $TCEHY Teladoc $TDOC Takeda $TAK Surface $\xe2\x80\xa6'
2020-12-30,"b'Highest gross margin (%) among #stocks $SPX $SPY\n1. \xf0\x9f\x87\xba\xf0\x9f\x87\xb8 EIDOS THERAPEUTICS, . $EIDX: 100.0\n2. \xf0\x9f\x87\xba\xf0\x9f\x87\xb8 BRIDGEBIO PHARMA, IN. $BBIO: 100.0\n3. \xf0\x9f\x87\xba\xf0\x9f\x87\xb8 NEUROCRINE BIOSCIENC. $NBIX: 99.1\n4. \xf0\x9f\x87\xba\xf0\x9f\x87\xb8 IONIS PHARMACEUTICAL. $IONS: 99.0\n5. \xf0\x9f\x87\xba\xf0\x9f\x87\xb8 AGIOS PHARMACEUTICAL. $AGIO: 98.9'"
2020-12-30,"b'RT @KermitCapital: Today Ark Invest\n\nBought:\n$ZM, $59.3M \xf0\x9f\x9a\xa8\n$TCEHY, $49.6M \xf0\x9f\x9a\xa8\n$TDOC, $38.5M \xf0\x9f\x9a\xa8\n$BEKE, $35.9M\n$REGN, $34.7M\n$SHOP, $27.6M\n$NVS,\xe2\x80\xa6'"
2020-12-30,b'@Pharmdca $ions'
2020-12-30,b'RT @ArkkDaily: Cathie Wood &amp; @ARKInvest trade activity from today\n\nBought: Alibaba $BABA Tencent $TCEHY Teladoc $TDOC Takeda $TAK Surface $\xe2\x80\xa6'
2020-12-30,"b'RT @KermitCapital: Today Ark Invest\n\nBought:\n$ZM, $59.3M \xf0\x9f\x9a\xa8\n$TCEHY, $49.6M \xf0\x9f\x9a\xa8\n$TDOC, $38.5M \xf0\x9f\x9a\xa8\n$BEKE, $35.9M\n$REGN, $34.7M\n$SHOP, $27.6M\n$NVS,\xe2\x80\xa6'"
2020-12-30,b'@Pharmdca $IONS'
2020-12-30,"b'RT @KermitCapital: Today Ark Invest\n\nBought:\n$ZM, $59.3M \xf0\x9f\x9a\xa8\n$TCEHY, $49.6M \xf0\x9f\x9a\xa8\n$TDOC, $38.5M \xf0\x9f\x9a\xa8\n$BEKE, $35.9M\n$REGN, $34.7M\n$SHOP, $27.6M\n$NVS,\xe2\x80\xa6'"
2020-12-30,b'RT @ArkkDaily: Cathie Wood &amp; @ARKInvest trade activity from today\n\nBought: Alibaba $BABA Tencent $TCEHY Teladoc $TDOC Takeda $TAK Surface $\xe2\x80\xa6'
2020-12-30,b'RT @ArkkDaily: Cathie Wood &amp; @ARKInvest trade activity from today\n\nBought: Alibaba $BABA Tencent $TCEHY Teladoc $TDOC Takeda $TAK Surface $\xe2\x80\xa6'
2020-12-30,b'RT @ArkkDaily: Cathie Wood &amp; @ARKInvest trade activity from today\n\nBought: Alibaba $BABA Tencent $TCEHY Teladoc $TDOC Takeda $TAK Surface $\xe2\x80\xa6'
2020-12-30,b'Ark Investments: Todays Trades\n$TCEHY\n$BABA\n$TDOC\n$TAK\n$SURF\n$RPTX\n$RHHBY\n$REGN\n$BEAM\n$BEKE\n$IONS\n$NVS\n$BLI https://t.co/buJanv18qQ'
2020-12-30,b'RT @ArkkDaily: Cathie Wood &amp; @ARKInvest trade activity from today\n\nBought: Alibaba $BABA Tencent $TCEHY Teladoc $TDOC Takeda $TAK Surface $\xe2\x80\xa6'
2020-12-30,"b'RT @KermitCapital: Today Ark Invest\n\nBought:\n$ZM, $59.3M \xf0\x9f\x9a\xa8\n$TCEHY, $49.6M \xf0\x9f\x9a\xa8\n$TDOC, $38.5M \xf0\x9f\x9a\xa8\n$BEKE, $35.9M\n$REGN, $34.7M\n$SHOP, $27.6M\n$NVS,\xe2\x80\xa6'"
2020-12-30,b'RT @ArkkDaily: Cathie Wood &amp; @ARKInvest trade activity from today\n\nBought: Alibaba $BABA Tencent $TCEHY Teladoc $TDOC Takeda $TAK Surface $\xe2\x80\xa6'
2020-12-30,"b'RT @KermitCapital: Today Ark Invest\n\nBought:\n$ZM, $59.3M \xf0\x9f\x9a\xa8\n$TCEHY, $49.6M \xf0\x9f\x9a\xa8\n$TDOC, $38.5M \xf0\x9f\x9a\xa8\n$BEKE, $35.9M\n$REGN, $34.7M\n$SHOP, $27.6M\n$NVS,\xe2\x80\xa6'"
2020-12-30,b'RT @ArkkDaily: Cathie Wood &amp; @ARKInvest trade activity from today\n\nBought: Alibaba $BABA Tencent $TCEHY Teladoc $TDOC Takeda $TAK Surface $\xe2\x80\xa6'
2020-12-30,b'RT @ArkkDaily: Cathie Wood &amp; @ARKInvest trade activity from today\n\nBought: Alibaba $BABA Tencent $TCEHY Teladoc $TDOC Takeda $TAK Surface $\xe2\x80\xa6'
2020-12-29,b'RT @ArkkDaily: Cathie Wood &amp; @ARKInvest trade activity from today\n\nBought: Alibaba $BABA Tencent $TCEHY Teladoc $TDOC Takeda $TAK Surface $\xe2\x80\xa6'
2020-12-29,b'RT @ArkkDaily: Cathie Wood &amp; @ARKInvest trade activity from today\n\nBought: Alibaba $BABA Tencent $TCEHY Teladoc $TDOC Takeda $TAK Surface $\xe2\x80\xa6'
2020-12-29,b'$gh 1.20%\n$googl 1.20%\n$incy 1.20%\n$ions 1.76%\n$iova 1.20%\n$lgvw 1.20%\n$mass 1.20%\n$mcrb 0.00%\n$nstg 1.20%\n$ntla 0.00%\n$nvs 7.92% \xf0\x9f\x91\x80\n$nvta 0.00%\n$onvo 0.00%\n$pacb 0.00%\n$phr 1.20%\n$psnl 0.00%\n$pstg 1.20%\n$psti 1.20%\n$regn 9.54% \xf0\x9f\x91\x80\n$rhhby 16.45% \xf0\x9f\x94\xa5'
2020-12-29,b'RT @ArkkDaily: Cathie Wood &amp; @ARKInvest trade activity from today\n\nBought: Alibaba $BABA Tencent $TCEHY Teladoc $TDOC Takeda $TAK Surface $\xe2\x80\xa6'
2020-12-29,b'RT @ArkkDaily: Cathie Wood &amp; @ARKInvest trade activity from today\n\nBought: Alibaba $BABA Tencent $TCEHY Teladoc $TDOC Takeda $TAK Surface $\xe2\x80\xa6'
2020-12-29,b'Cathie Wood &amp; @ARKInvest trade activity from today\n\nBought: Alibaba $BABA Tencent $TCEHY Teladoc $TDOC Takeda $TAK Surface $SURF $RPTX Roche $RHHBY Regeneron $REGN Novartis $NVS $IONS $CSTL $BLI $BEAM Nintendo $NTDOY $BEKE\n\nSold: $IBRKR Iridium $IRDM Proto Labs $PRLB https://t.co/yMhNyEcsEg'
2020-12-29,"b'RT @KermitCapital: Today Ark Invest\n\nBought:\n$ZM, $59.3M \xf0\x9f\x9a\xa8\n$TCEHY, $49.6M \xf0\x9f\x9a\xa8\n$TDOC, $38.5M \xf0\x9f\x9a\xa8\n$BEKE, $35.9M\n$REGN, $34.7M\n$SHOP, $27.6M\n$NVS,\xe2\x80\xa6'"
2020-12-29,"b'RT @KermitCapital: Today Ark Invest\n\nBought:\n$ZM, $59.3M \xf0\x9f\x9a\xa8\n$TCEHY, $49.6M \xf0\x9f\x9a\xa8\n$TDOC, $38.5M \xf0\x9f\x9a\xa8\n$BEKE, $35.9M\n$REGN, $34.7M\n$SHOP, $27.6M\n$NVS,\xe2\x80\xa6'"
2020-12-29,"b'$IFF, $IONS and $FGEN all in the Weinstein stage 1 setup phase according to our stock screener. https://t.co/QPBqOMq9hD'"
2020-12-29,"b'RT @portefeuillefun: Bought 2.5k $IONS at $56.99, now 5k #vssporte shares.'"
2020-12-29,"b'Bought 2.5k $IONS at $56.99, now 5k #vssporte shares.'"
2020-12-29,"b'RT @KermitCapital: Today Ark Invest\n\nBought:\n$ZM, $59.3M \xf0\x9f\x9a\xa8\n$TCEHY, $49.6M \xf0\x9f\x9a\xa8\n$TDOC, $38.5M \xf0\x9f\x9a\xa8\n$BEKE, $35.9M\n$REGN, $34.7M\n$SHOP, $27.6M\n$NVS,\xe2\x80\xa6'"
2020-12-29,"b'RT @KermitCapital: Today Ark Invest\n\nBought:\n$ZM, $59.3M \xf0\x9f\x9a\xa8\n$TCEHY, $49.6M \xf0\x9f\x9a\xa8\n$TDOC, $38.5M \xf0\x9f\x9a\xa8\n$BEKE, $35.9M\n$REGN, $34.7M\n$SHOP, $27.6M\n$NVS,\xe2\x80\xa6'"
2020-12-29,b'@BIOTECHBATMAN @sbwcws Actually it did.  $ions #Roche OLE patients eegs continued to improve beyond that seen from phase 1/2 in Feb poster. #HD patients EEGs decrease over time and correlates to increased mHTT in #CSF as seen in controls. @HDSA @ProfEdWild @TashaARK @LaurenByrne7337 @UCLHD #teamwild'
2020-12-29,"b'@mchilberg Investments in past 30 yrs allow them to bring more effective drugs to patients. Has the most advanced pipeline drugs than any other RNAi/antisense companies. More drugs will be approved in the next 2-3 years. IMO, $sgmo will do the same! $ions'"
2020-12-29,"b'RT @KermitCapital: Today Ark Invest\n\nBought:\n$ZM, $59.3M \xf0\x9f\x9a\xa8\n$TCEHY, $49.6M \xf0\x9f\x9a\xa8\n$TDOC, $38.5M \xf0\x9f\x9a\xa8\n$BEKE, $35.9M\n$REGN, $34.7M\n$SHOP, $27.6M\n$NVS,\xe2\x80\xa6'"
2020-12-29,"b""$IONS example: \n- Antisense discovery in 1970's but no drugs for over 30 yrs. \nNow have approved blockbuster with #Spinraza \nhttps://t.co/vTlxid6jRG https://t.co/6gIKJWkt6G"""
2020-12-29,"b'RT @KermitCapital: Today Ark Invest\n\nBought:\n$ZM, $59.3M \xf0\x9f\x9a\xa8\n$TCEHY, $49.6M \xf0\x9f\x9a\xa8\n$TDOC, $38.5M \xf0\x9f\x9a\xa8\n$BEKE, $35.9M\n$REGN, $34.7M\n$SHOP, $27.6M\n$NVS,\xe2\x80\xa6'"
2020-12-29,b'#US Stocks: Aerospace $BA +2.3%. Insurance $GSHD -1.3%. Airline $AZUL +1.9%. Firearms $SWBI -4.6%. Auto parts $TEN -2%. Chemical $ALB -2.1%. Hospitality $MAR +1.6%. Realty $JOE -10.2%. Jewelers $SIG -3%. Pharma $IONS -3.8%. Bank $LOB -2.8%.'
2020-12-29,"b'RT @KermitCapital: Today Ark Invest\n\nBought:\n$ZM, $59.3M \xf0\x9f\x9a\xa8\n$TCEHY, $49.6M \xf0\x9f\x9a\xa8\n$TDOC, $38.5M \xf0\x9f\x9a\xa8\n$BEKE, $35.9M\n$REGN, $34.7M\n$SHOP, $27.6M\n$NVS,\xe2\x80\xa6'"
2020-12-29,"b'RT @KermitCapital: Today Ark Invest\n\nBought:\n$ZM, $59.3M \xf0\x9f\x9a\xa8\n$TCEHY, $49.6M \xf0\x9f\x9a\xa8\n$TDOC, $38.5M \xf0\x9f\x9a\xa8\n$BEKE, $35.9M\n$REGN, $34.7M\n$SHOP, $27.6M\n$NVS,\xe2\x80\xa6'"
2020-12-29,"b'RT @KermitCapital: Today Ark Invest\n\nBought:\n$ZM, $59.3M \xf0\x9f\x9a\xa8\n$TCEHY, $49.6M \xf0\x9f\x9a\xa8\n$TDOC, $38.5M \xf0\x9f\x9a\xa8\n$BEKE, $35.9M\n$REGN, $34.7M\n$SHOP, $27.6M\n$NVS,\xe2\x80\xa6'"
2020-12-29,b'RT @ArkkDaily: Cathie Wood &amp; @ARKInvest trade activity from today (1/2)\n\nBought: $BEKE Shopify $SHOP $RPTX $SURF $TAK Teladoc $TDOC $VRTX $\xe2\x80\xa6'
2020-12-29,"b'RT @KermitCapital: Today Ark Invest\n\nBought:\n$ZM, $59.3M \xf0\x9f\x9a\xa8\n$TCEHY, $49.6M \xf0\x9f\x9a\xa8\n$TDOC, $38.5M \xf0\x9f\x9a\xa8\n$BEKE, $35.9M\n$REGN, $34.7M\n$SHOP, $27.6M\n$NVS,\xe2\x80\xa6'"
2020-12-29,"b'RT @KermitCapital: Today Ark Invest\n\nBought:\n$ZM, $59.3M \xf0\x9f\x9a\xa8\n$TCEHY, $49.6M \xf0\x9f\x9a\xa8\n$TDOC, $38.5M \xf0\x9f\x9a\xa8\n$BEKE, $35.9M\n$REGN, $34.7M\n$SHOP, $27.6M\n$NVS,\xe2\x80\xa6'"
2020-12-29,"b'RT @KermitCapital: Today Ark Invest\n\nBought:\n$ZM, $59.3M \xf0\x9f\x9a\xa8\n$TCEHY, $49.6M \xf0\x9f\x9a\xa8\n$TDOC, $38.5M \xf0\x9f\x9a\xa8\n$BEKE, $35.9M\n$REGN, $34.7M\n$SHOP, $27.6M\n$NVS,\xe2\x80\xa6'"
2020-12-29,"b'RT @KermitCapital: Today Ark Invest\n\nBought:\n$ZM, $59.3M \xf0\x9f\x9a\xa8\n$TCEHY, $49.6M \xf0\x9f\x9a\xa8\n$TDOC, $38.5M \xf0\x9f\x9a\xa8\n$BEKE, $35.9M\n$REGN, $34.7M\n$SHOP, $27.6M\n$NVS,\xe2\x80\xa6'"
2020-12-29,"b'RT @KermitCapital: Today Ark Invest\n\nBought:\n$ZM, $59.3M \xf0\x9f\x9a\xa8\n$TCEHY, $49.6M \xf0\x9f\x9a\xa8\n$TDOC, $38.5M \xf0\x9f\x9a\xa8\n$BEKE, $35.9M\n$REGN, $34.7M\n$SHOP, $27.6M\n$NVS,\xe2\x80\xa6'"
2020-12-29,"b'RT @KermitCapital: Today Ark Invest\n\nBought:\n$ZM, $59.3M \xf0\x9f\x9a\xa8\n$TCEHY, $49.6M \xf0\x9f\x9a\xa8\n$TDOC, $38.5M \xf0\x9f\x9a\xa8\n$BEKE, $35.9M\n$REGN, $34.7M\n$SHOP, $27.6M\n$NVS,\xe2\x80\xa6'"
2020-12-29,b'RT @ThePupOfWallSt: Yesterdays trades @ARKInvest \n\n+ $BEKE\n+ $SHOP\n-  $IBKR\n-  $MELI\n- $TRU\n+ $RPTX\n+ $SURF\n+ $TAK\n+ $TDOC\n+ $VRTX\n+ $RHHBY\xe2\x80\xa6'
2020-12-29,"b'RT @KermitCapital: Today Ark Invest\n\nBought:\n$ZM, $59.3M \xf0\x9f\x9a\xa8\n$TCEHY, $49.6M \xf0\x9f\x9a\xa8\n$TDOC, $38.5M \xf0\x9f\x9a\xa8\n$BEKE, $35.9M\n$REGN, $34.7M\n$SHOP, $27.6M\n$NVS,\xe2\x80\xa6'"
2020-12-29,b'Yesterdays trades @ARKInvest \n\n+ $BEKE\n+ $SHOP\n-  $IBKR\n-  $MELI\n- $TRU\n+ $RPTX\n+ $SURF\n+ $TAK\n+ $TDOC\n+ $VRTX\n+ $RHHBY\n+ $REGN\n+ $NVS\n+ $IONS\n+ $GOOGL\n+ $CSTL\n+ $BEAM\n- $TWST\n+ $ZM\n+ $TCEHY\n+ $SHOP\n+ $NTDOY\n+ $BEKE\n+ $JD\n+ $MGA\n+ $NIU\n- $XLNX\n- $PRLB https://t.co/UyVQvdgVMi'
2020-12-29,"b'RT @KermitCapital: Today Ark Invest\n\nBought:\n$ZM, $59.3M \xf0\x9f\x9a\xa8\n$TCEHY, $49.6M \xf0\x9f\x9a\xa8\n$TDOC, $38.5M \xf0\x9f\x9a\xa8\n$BEKE, $35.9M\n$REGN, $34.7M\n$SHOP, $27.6M\n$NVS,\xe2\x80\xa6'"
2020-12-29,b'#ARK_M50 (1)\n$IONS +108.3\n$RHHBY +100\n$GOOGL +100\n$OPEN +100\n$VEEV +100\n$PTON +100\n$CRM +100\n$SRPT +100\n$MASS +100\n$4477 +100\n$MGA +100\n$KSPI +100\n$6618 +100\n$NXPI +97.1\n$CDXS +95\n$9923 +92.7'
2020-12-29,"b'RT @KermitCapital: Today Ark Invest\n\nBought:\n$ZM, $59.3M \xf0\x9f\x9a\xa8\n$TCEHY, $49.6M \xf0\x9f\x9a\xa8\n$TDOC, $38.5M \xf0\x9f\x9a\xa8\n$BEKE, $35.9M\n$REGN, $34.7M\n$SHOP, $27.6M\n$NVS,\xe2\x80\xa6'"
2020-12-29,"b'RT @KermitCapital: Today Ark Invest\n\nBought:\n$ZM, $59.3M \xf0\x9f\x9a\xa8\n$TCEHY, $49.6M \xf0\x9f\x9a\xa8\n$TDOC, $38.5M \xf0\x9f\x9a\xa8\n$BEKE, $35.9M\n$REGN, $34.7M\n$SHOP, $27.6M\n$NVS,\xe2\x80\xa6'"
2020-12-29,"b'RT @KermitCapital: Today Ark Invest\n\nBought:\n$ZM, $59.3M \xf0\x9f\x9a\xa8\n$TCEHY, $49.6M \xf0\x9f\x9a\xa8\n$TDOC, $38.5M \xf0\x9f\x9a\xa8\n$BEKE, $35.9M\n$REGN, $34.7M\n$SHOP, $27.6M\n$NVS,\xe2\x80\xa6'"
2020-12-29,"b'RT @KermitCapital: Today Ark Invest\n\nBought:\n$ZM, $59.3M \xf0\x9f\x9a\xa8\n$TCEHY, $49.6M \xf0\x9f\x9a\xa8\n$TDOC, $38.5M \xf0\x9f\x9a\xa8\n$BEKE, $35.9M\n$REGN, $34.7M\n$SHOP, $27.6M\n$NVS,\xe2\x80\xa6'"
2020-12-29,"b'RT @KermitCapital: Today Ark Invest\n\nBought:\n$ZM, $59.3M \xf0\x9f\x9a\xa8\n$TCEHY, $49.6M \xf0\x9f\x9a\xa8\n$TDOC, $38.5M \xf0\x9f\x9a\xa8\n$BEKE, $35.9M\n$REGN, $34.7M\n$SHOP, $27.6M\n$NVS,\xe2\x80\xa6'"
2020-12-29,b'RT @ArkkDaily: Cathie Wood &amp; @ARKInvest trade activity from today (1/2)\n\nBought: $BEKE Shopify $SHOP $RPTX $SURF $TAK Teladoc $TDOC $VRTX $\xe2\x80\xa6'
2020-12-29,"b'RT @KermitCapital: Today Ark Invest\n\nBought:\n$ZM, $59.3M \xf0\x9f\x9a\xa8\n$TCEHY, $49.6M \xf0\x9f\x9a\xa8\n$TDOC, $38.5M \xf0\x9f\x9a\xa8\n$BEKE, $35.9M\n$REGN, $34.7M\n$SHOP, $27.6M\n$NVS,\xe2\x80\xa6'"
2020-12-29,"b'RT @KermitCapital: Today Ark Invest\n\nBought:\n$ZM, $59.3M \xf0\x9f\x9a\xa8\n$TCEHY, $49.6M \xf0\x9f\x9a\xa8\n$TDOC, $38.5M \xf0\x9f\x9a\xa8\n$BEKE, $35.9M\n$REGN, $34.7M\n$SHOP, $27.6M\n$NVS,\xe2\x80\xa6'"
2020-12-29,"b'RT @KermitCapital: Today Ark Invest\n\nBought:\n$ZM, $59.3M \xf0\x9f\x9a\xa8\n$TCEHY, $49.6M \xf0\x9f\x9a\xa8\n$TDOC, $38.5M \xf0\x9f\x9a\xa8\n$BEKE, $35.9M\n$REGN, $34.7M\n$SHOP, $27.6M\n$NVS,\xe2\x80\xa6'"
2020-12-29,"b'RT @KermitCapital: Today Ark Invest\n\nBought:\n$ZM, $59.3M \xf0\x9f\x9a\xa8\n$TCEHY, $49.6M \xf0\x9f\x9a\xa8\n$TDOC, $38.5M \xf0\x9f\x9a\xa8\n$BEKE, $35.9M\n$REGN, $34.7M\n$SHOP, $27.6M\n$NVS,\xe2\x80\xa6'"
2020-12-29,"b'RT @KermitCapital: Today Ark Invest\n\nBought:\n$ZM, $59.3M \xf0\x9f\x9a\xa8\n$TCEHY, $49.6M \xf0\x9f\x9a\xa8\n$TDOC, $38.5M \xf0\x9f\x9a\xa8\n$BEKE, $35.9M\n$REGN, $34.7M\n$SHOP, $27.6M\n$NVS,\xe2\x80\xa6'"
2020-12-29,"b'RT @KermitCapital: Today Ark Invest\n\nBought:\n$ZM, $59.3M \xf0\x9f\x9a\xa8\n$TCEHY, $49.6M \xf0\x9f\x9a\xa8\n$TDOC, $38.5M \xf0\x9f\x9a\xa8\n$BEKE, $35.9M\n$REGN, $34.7M\n$SHOP, $27.6M\n$NVS,\xe2\x80\xa6'"
2020-12-29,"b'Few ARK trades from today\n\nBuy - $GOOGL, $SHOP, $BABA, $JD, $IONS , $ZM , $NVS, $REGN, $TDOC, $VRTX, $TAK, $RPTX , $SURF, $CSTL, $MGA, $NIU, $BEAM, $BEKE\n\nSold - $TSLA, $ROKU, $PINS, $CRWD, $PSTG, $PRLB, $PD, $MELI'"
2020-12-29,"b'RT @KermitCapital: Today Ark Invest\n\nBought:\n$ZM, $59.3M \xf0\x9f\x9a\xa8\n$TCEHY, $49.6M \xf0\x9f\x9a\xa8\n$TDOC, $38.5M \xf0\x9f\x9a\xa8\n$BEKE, $35.9M\n$REGN, $34.7M\n$SHOP, $27.6M\n$NVS,\xe2\x80\xa6'"
2020-12-29,"b'RT @KermitCapital: Today Ark Invest\n\nBought:\n$ZM, $59.3M \xf0\x9f\x9a\xa8\n$TCEHY, $49.6M \xf0\x9f\x9a\xa8\n$TDOC, $38.5M \xf0\x9f\x9a\xa8\n$BEKE, $35.9M\n$REGN, $34.7M\n$SHOP, $27.6M\n$NVS,\xe2\x80\xa6'"
2020-12-29,"b'RT @KermitCapital: Today Ark Invest\n\nBought:\n$ZM, $59.3M \xf0\x9f\x9a\xa8\n$TCEHY, $49.6M \xf0\x9f\x9a\xa8\n$TDOC, $38.5M \xf0\x9f\x9a\xa8\n$BEKE, $35.9M\n$REGN, $34.7M\n$SHOP, $27.6M\n$NVS,\xe2\x80\xa6'"
2020-12-29,"b'RT @KermitCapital: Today Ark Invest\n\nBought:\n$ZM, $59.3M \xf0\x9f\x9a\xa8\n$TCEHY, $49.6M \xf0\x9f\x9a\xa8\n$TDOC, $38.5M \xf0\x9f\x9a\xa8\n$BEKE, $35.9M\n$REGN, $34.7M\n$SHOP, $27.6M\n$NVS,\xe2\x80\xa6'"
2020-12-29,"b'RT @KermitCapital: Today Ark Invest\n\nBought:\n$ZM, $59.3M \xf0\x9f\x9a\xa8\n$TCEHY, $49.6M \xf0\x9f\x9a\xa8\n$TDOC, $38.5M \xf0\x9f\x9a\xa8\n$BEKE, $35.9M\n$REGN, $34.7M\n$SHOP, $27.6M\n$NVS,\xe2\x80\xa6'"
2020-12-29,"b'RT @KermitCapital: Today Ark Invest\n\nBought:\n$ZM, $59.3M \xf0\x9f\x9a\xa8\n$TCEHY, $49.6M \xf0\x9f\x9a\xa8\n$TDOC, $38.5M \xf0\x9f\x9a\xa8\n$BEKE, $35.9M\n$REGN, $34.7M\n$SHOP, $27.6M\n$NVS,\xe2\x80\xa6'"
2020-12-29,"b'RT @KermitCapital: Today Ark Invest\n\nBought:\n$ZM, $59.3M \xf0\x9f\x9a\xa8\n$TCEHY, $49.6M \xf0\x9f\x9a\xa8\n$TDOC, $38.5M \xf0\x9f\x9a\xa8\n$BEKE, $35.9M\n$REGN, $34.7M\n$SHOP, $27.6M\n$NVS,\xe2\x80\xa6'"
2020-12-29,"b'RT @KermitCapital: Today Ark Invest\n\nBought:\n$ZM, $59.3M \xf0\x9f\x9a\xa8\n$TCEHY, $49.6M \xf0\x9f\x9a\xa8\n$TDOC, $38.5M \xf0\x9f\x9a\xa8\n$BEKE, $35.9M\n$REGN, $34.7M\n$SHOP, $27.6M\n$NVS,\xe2\x80\xa6'"
2020-12-29,b'RT @ArkkDaily: Cathie Wood &amp; @ARKInvest trade activity from today (1/2)\n\nBought: $BEKE Shopify $SHOP $RPTX $SURF $TAK Teladoc $TDOC $VRTX $\xe2\x80\xa6'
2020-12-29,"b'RT @KermitCapital: Today Ark Invest\n\nBought:\n$ZM, $59.3M \xf0\x9f\x9a\xa8\n$TCEHY, $49.6M \xf0\x9f\x9a\xa8\n$TDOC, $38.5M \xf0\x9f\x9a\xa8\n$BEKE, $35.9M\n$REGN, $34.7M\n$SHOP, $27.6M\n$NVS,\xe2\x80\xa6'"
2020-12-29,"b'RT @KermitCapital: Today Ark Invest\n\nBought:\n$ZM, $59.3M \xf0\x9f\x9a\xa8\n$TCEHY, $49.6M \xf0\x9f\x9a\xa8\n$TDOC, $38.5M \xf0\x9f\x9a\xa8\n$BEKE, $35.9M\n$REGN, $34.7M\n$SHOP, $27.6M\n$NVS,\xe2\x80\xa6'"
2020-12-29,"b'RT @KermitCapital: Today Ark Invest\n\nBought:\n$ZM, $59.3M \xf0\x9f\x9a\xa8\n$TCEHY, $49.6M \xf0\x9f\x9a\xa8\n$TDOC, $38.5M \xf0\x9f\x9a\xa8\n$BEKE, $35.9M\n$REGN, $34.7M\n$SHOP, $27.6M\n$NVS,\xe2\x80\xa6'"
2020-12-29,"b""$IONS:\n\nNew Insider Filing on IONIS PHARMACEUTICALS INC's\n\nDirector\n\nB LYNNE PARSHALL:\n\nhttps://t.co/rxOGXZVLvx"""
2020-12-29,b'$gh 3.68%\n$googl 5.30% \xf0\x9f\x91\x80\n$incy 3.68%\n$ions 13.68% \xf0\x9f\x94\xa5\n$iova 3.68%\n$lgvw 3.68%\n$mass 3.68%\n$mcrb 0.00%\n$nstg 3.68%\n$ntla 0.00%\n$nvs 21.20% \xf0\x9f\x94\xa5\n$nvta 0.00%\n$onvo 0.00%\n$pacb 0.00%\n$phr 3.68%\n$psnl 0.00%\n$pstg 3.68%\n$psti 3.68%\n$regn 26.40% \xf0\x9f\x94\xa5\n$rhhby 9.73% \xf0\x9f\x91\x80'
2020-12-29,"b'RT @Joshuatrader1: ARK Invest, Cathie Wood, trading activity for 12/28/2020:\n$ARKK $ARKQ $ARKW $ARKG $ARKF\n\nARK buying the dip on growth na\xe2\x80\xa6'"
2020-12-29,"b'RT @Joshuatrader1: ARK Invest, Cathie Wood, trading activity for 12/28/2020:\n$ARKK $ARKQ $ARKW $ARKG $ARKF\n\nARK buying the dip on growth na\xe2\x80\xa6'"
2020-12-29,"b'ARK Invest, Cathie Wood, trading activity for 12/28/2020:\n$ARKK $ARKQ $ARKW $ARKG $ARKF\n\nARK buying the dip on growth names today...\n\nNew Buy(s): None\nSignificant Buy(s): $ZM $TCEHY $TDOC $BEKE $REGN $NVS $BABA $TAK $IONS $SHOP $MGA $NIU \nSignificant Sell(s): $CRWD $IBKR $TRU https://t.co/zBqcVVObqO'"
2020-12-29,"b'RT @KermitCapital: Today Ark Invest\n\nBought:\n$ZM, $59.3M \xf0\x9f\x9a\xa8\n$TCEHY, $49.6M \xf0\x9f\x9a\xa8\n$TDOC, $38.5M \xf0\x9f\x9a\xa8\n$BEKE, $35.9M\n$REGN, $34.7M\n$SHOP, $27.6M\n$NVS,\xe2\x80\xa6'"
2020-12-29,"b'RT @KermitCapital: Today Ark Invest\n\nBought:\n$ZM, $59.3M \xf0\x9f\x9a\xa8\n$TCEHY, $49.6M \xf0\x9f\x9a\xa8\n$TDOC, $38.5M \xf0\x9f\x9a\xa8\n$BEKE, $35.9M\n$REGN, $34.7M\n$SHOP, $27.6M\n$NVS,\xe2\x80\xa6'"
2020-12-29,"b'RT @KermitCapital: Today Ark Invest\n\nBought:\n$ZM, $59.3M \xf0\x9f\x9a\xa8\n$TCEHY, $49.6M \xf0\x9f\x9a\xa8\n$TDOC, $38.5M \xf0\x9f\x9a\xa8\n$BEKE, $35.9M\n$REGN, $34.7M\n$SHOP, $27.6M\n$NVS,\xe2\x80\xa6'"
2020-12-29,"b'RT @KermitCapital: Today Ark Invest\n\nBought:\n$ZM, $59.3M \xf0\x9f\x9a\xa8\n$TCEHY, $49.6M \xf0\x9f\x9a\xa8\n$TDOC, $38.5M \xf0\x9f\x9a\xa8\n$BEKE, $35.9M\n$REGN, $34.7M\n$SHOP, $27.6M\n$NVS,\xe2\x80\xa6'"
2020-12-29,"b'RT @KermitCapital: Today Ark Invest\n\nBought:\n$ZM, $59.3M \xf0\x9f\x9a\xa8\n$TCEHY, $49.6M \xf0\x9f\x9a\xa8\n$TDOC, $38.5M \xf0\x9f\x9a\xa8\n$BEKE, $35.9M\n$REGN, $34.7M\n$SHOP, $27.6M\n$NVS,\xe2\x80\xa6'"
2020-12-29,"b'RT @KermitCapital: Today Ark Invest\n\nBought:\n$ZM, $59.3M \xf0\x9f\x9a\xa8\n$TCEHY, $49.6M \xf0\x9f\x9a\xa8\n$TDOC, $38.5M \xf0\x9f\x9a\xa8\n$BEKE, $35.9M\n$REGN, $34.7M\n$SHOP, $27.6M\n$NVS,\xe2\x80\xa6'"
2020-12-29,"b'RT @KermitCapital: Today Ark Invest\n\nBought:\n$ZM, $59.3M \xf0\x9f\x9a\xa8\n$TCEHY, $49.6M \xf0\x9f\x9a\xa8\n$TDOC, $38.5M \xf0\x9f\x9a\xa8\n$BEKE, $35.9M\n$REGN, $34.7M\n$SHOP, $27.6M\n$NVS,\xe2\x80\xa6'"
2020-12-29,b'RT @ArkkDaily: Cathie Wood &amp; @ARKInvest trade activity from today (1/2)\n\nBought: $BEKE Shopify $SHOP $RPTX $SURF $TAK Teladoc $TDOC $VRTX $\xe2\x80\xa6'
2020-12-29,"b'RT @KermitCapital: Today Ark Invest\n\nBought:\n$ZM, $59.3M \xf0\x9f\x9a\xa8\n$TCEHY, $49.6M \xf0\x9f\x9a\xa8\n$TDOC, $38.5M \xf0\x9f\x9a\xa8\n$BEKE, $35.9M\n$REGN, $34.7M\n$SHOP, $27.6M\n$NVS,\xe2\x80\xa6'"
2020-12-29,"b'RT @KermitCapital: Today Ark Invest\n\nBought:\n$ZM, $59.3M \xf0\x9f\x9a\xa8\n$TCEHY, $49.6M \xf0\x9f\x9a\xa8\n$TDOC, $38.5M \xf0\x9f\x9a\xa8\n$BEKE, $35.9M\n$REGN, $34.7M\n$SHOP, $27.6M\n$NVS,\xe2\x80\xa6'"
2020-12-29,"b'RT @KermitCapital: Today Ark Invest\n\nBought:\n$ZM, $59.3M \xf0\x9f\x9a\xa8\n$TCEHY, $49.6M \xf0\x9f\x9a\xa8\n$TDOC, $38.5M \xf0\x9f\x9a\xa8\n$BEKE, $35.9M\n$REGN, $34.7M\n$SHOP, $27.6M\n$NVS,\xe2\x80\xa6'"
2020-12-29,"b'RT @KermitCapital: Today Ark Invest\n\nBought:\n$ZM, $59.3M \xf0\x9f\x9a\xa8\n$TCEHY, $49.6M \xf0\x9f\x9a\xa8\n$TDOC, $38.5M \xf0\x9f\x9a\xa8\n$BEKE, $35.9M\n$REGN, $34.7M\n$SHOP, $27.6M\n$NVS,\xe2\x80\xa6'"
2020-12-29,b'RT @ArkkDaily: Cathie Wood &amp; @ARKInvest trade activity from today (1/2)\n\nBought: $BEKE Shopify $SHOP $RPTX $SURF $TAK Teladoc $TDOC $VRTX $\xe2\x80\xa6'
2020-12-29,b'RT @ArkkDaily: Cathie Wood &amp; @ARKInvest trade activity from today (1/2)\n\nBought: $BEKE Shopify $SHOP $RPTX $SURF $TAK Teladoc $TDOC $VRTX $\xe2\x80\xa6'
2020-12-29,"b'RT @KermitCapital: Today Ark Invest\n\nBought:\n$ZM, $59.3M \xf0\x9f\x9a\xa8\n$TCEHY, $49.6M \xf0\x9f\x9a\xa8\n$TDOC, $38.5M \xf0\x9f\x9a\xa8\n$BEKE, $35.9M\n$REGN, $34.7M\n$SHOP, $27.6M\n$NVS,\xe2\x80\xa6'"
2020-12-28,"b'RT @KermitCapital: Today Ark Invest\n\nBought:\n$ZM, $59.3M \xf0\x9f\x9a\xa8\n$TCEHY, $49.6M \xf0\x9f\x9a\xa8\n$TDOC, $38.5M \xf0\x9f\x9a\xa8\n$BEKE, $35.9M\n$REGN, $34.7M\n$SHOP, $27.6M\n$NVS,\xe2\x80\xa6'"
2020-12-28,"b'RT @KermitCapital: Today Ark Invest\n\nBought:\n$ZM, $59.3M \xf0\x9f\x9a\xa8\n$TCEHY, $49.6M \xf0\x9f\x9a\xa8\n$TDOC, $38.5M \xf0\x9f\x9a\xa8\n$BEKE, $35.9M\n$REGN, $34.7M\n$SHOP, $27.6M\n$NVS,\xe2\x80\xa6'"
2020-12-28,"b'RT @KermitCapital: Today Ark Invest\n\nBought:\n$ZM, $59.3M \xf0\x9f\x9a\xa8\n$TCEHY, $49.6M \xf0\x9f\x9a\xa8\n$TDOC, $38.5M \xf0\x9f\x9a\xa8\n$BEKE, $35.9M\n$REGN, $34.7M\n$SHOP, $27.6M\n$NVS,\xe2\x80\xa6'"
2020-12-28,"b'RT @KermitCapital: Today Ark Invest\n\nBought:\n$ZM, $59.3M \xf0\x9f\x9a\xa8\n$TCEHY, $49.6M \xf0\x9f\x9a\xa8\n$TDOC, $38.5M \xf0\x9f\x9a\xa8\n$BEKE, $35.9M\n$REGN, $34.7M\n$SHOP, $27.6M\n$NVS,\xe2\x80\xa6'"
2020-12-28,"b'Today Ark Invest\n\nBought:\n$ZM, $59.3M \xf0\x9f\x9a\xa8\n$TCEHY, $49.6M \xf0\x9f\x9a\xa8\n$TDOC, $38.5M \xf0\x9f\x9a\xa8\n$BEKE, $35.9M\n$REGN, $34.7M\n$SHOP, $27.6M\n$NVS, $25.1M\n$BABA, $15.8M\n$TAK, $15.2M\n$VRTX, $13.2M\n$NTDOY, $12.9M \xf0\x9f\x94\xa5\n$IONS, $11.9M\n\nSold:\n$PINS, $-10.3M\n$CRWD, $-10.4M \xf0\x9f\x90\xbb\n$TSLA, $-29.3M \xf0\x9f\x90\xbb\n$ROKU, $-35.1M \xf0\x9f\x90\xbb https://t.co/Rs4LMopxZg'"
2020-12-28,b'Cathie Wood &amp; @ARKInvest trade activity from today (1/2)\n\nBought: $BEKE Shopify $SHOP $RPTX $SURF $TAK Teladoc $TDOC $VRTX $RHHBY Regeneron $REGN Novartis $NVS $IONS Alphabet $GOOGL $CSTL $BEAM Zoom $ZM Tencent $TCEHY\n\nSold: Interactive Brokers $IBRK Mercadolibre $MELI $TRU $TWST https://t.co/Fkmbl9N4bR'
2020-12-28,"b'$IONS Ionis Pharmaceuticals, Inc. SEC Filing: Form 4 https://t.co/XWtTcSyaqT'"
2020-12-28,"b'Insider B Lynne Parshall reports selling 10,000 shares of $IONS for a total cost of $600,000.00 https://t.co/qGdherCST8'"
2020-12-28,"b'#FWSells $IONS PARSHALL B LYNNE, Director of IONIS PHARMACEUTICALS INC sold 10,000 shares on 2020-12-23. https://t.co/6sMPZbwzf6'"
2020-12-28,b'$IONS JAN2021 65Cs bought https://t.co/MvDF31Pfdf https://t.co/eNQFeRYcD1'
2020-12-28,b'@sbwcws Roche has released no additional data. The data so far  of course is inconclusive so far because phase 1 and 2 trials don\xe2\x80\x99t access for efficacy (which is why Roche is currently running a phase 3 trial). That Piper Sandler analyst should repeat their intern year. $ions $rhhby'
2020-12-28,b'@Singlemalt_18 @sbwcws @Roche and #Ionis have clearly stated that the OLE 15 mo data to be released next year are not expected to be enough for an early filing due to the slow progression of the disease (15 to 20 yrs) and limited patient numbers (&lt; 146). $ions $rhhby #neurology #mrna #antisense @HDSA'
2020-12-28,b'@Singlemalt_18 @sbwcws It\xe2\x80\x99s endpoint data from the OLE that was previously released but just posted on an EU regulatory site. It lead to reduced dosing in the revamped phase 3 by adding a quarterly cohort and eliminating the monthly dose. $ions $rhhby #Huntingtonsdisease'
2020-12-28,b'@IonisDisrupts @LEAD_Coalition @datblaxican @texaswinehouse @RagsII @StormMela @carlaacarlson @TCRG2012 @TinaMarie_80s @mark1952ind @amor_vuelveTX @SusanaDeLeonMD @bigal953 @TheStephenRalph @kenjaques @AnnZuccardy @sarahahpmh @bar_zie @bazzie1967 Great! Makes it much easier to identify various patient population and easier on commercialization of the drugs. $ions'
2020-12-28,"b'@sbwcws If they know the drug works, that means they don\'t need to do clinical trials! Scientists that are very close to the HTT studies believe the drug and target are very promising. ""The Gene"" aired by PBS shows a HTT patient with improved functions after taking the drug. $ions $rhhby'"
2020-12-28,b'@sbwcws They know this how exactly? $IONS $RHHBY'
2020-12-28,"b""Rose Above Previous Day's High today: $DTN $QUOT $PATK $QCRH $IONS $NCBS $NRC $SOS $KELYB $GTYH $CHCI $MEDS $PSCF $TPTX $ADRE $ESSA $PDT $TDE $FCEF $DMO ... https://t.co/TBYRpvrFqi"""
2020-12-28,"b""Ionis partner data inconclusive in Huntington's disease, says Piper Sandler\n$IONS $RHHBY"""
2020-12-28,"b""My Imagination.. We see Backroom Deals! Congressmen Selling Out our @STORIEDUSA With $Money $Mill $ions It's Communist Democrats #God To Cover Up Sins.. Revenue Theft, Paedophile Island, Hiding The Truth..\nSad Days for our #Constitution Our #Churches\nOur $Future... Our #Children https://t.co/fqwUv5re0O"""
2020-12-28,b'@HMKWatch @Jon12508683 @semodough ...Also long both $IONS and $ARWR'
2020-12-28,b'RT @AreteTrading: $IONS- has potential to move! Solid two week rally off the $46 level support. and a clearing of the multi down trend . Ne\xe2\x80\xa6'
2020-12-28,b'@Jon12508683 @semodough I\xe2\x80\x99m long all three $IONS $ARWR and $NBSE I don\xe2\x80\x99t understand why so many traders on here get so passionate about one or the other when you can easily own both.'
2020-12-28,b'Short sale volume(not short interest) for $AMPE on 2020-12-24 is 58%. https://t.co/PtwiPbla5k $IONS 67% $AERI 50% $FLXN 65%'
2020-12-28,b'RT @ArkkDaily: Cathie Wood &amp; @ARKInvest trade activity from today\n\nBought Workday $WDAY $VRTX $VEEV Teladoc $TDOC $TAK $RPTX $RHHBY $REGN $\xe2\x80\xa6'
2020-12-27,b'RT @AreteTrading: $IONS- has potential to move! Solid two week rally off the $46 level support. and a clearing of the multi down trend . Ne\xe2\x80\xa6'
2020-12-27,b'RT @AreteTrading: $IONS- has potential to move! Solid two week rally off the $46 level support. and a clearing of the multi down trend . Ne\xe2\x80\xa6'
2020-12-27,b'$IONS- has potential to move! Solid two week rally off the $46 level support. and a clearing of the multi down trend . Next level is $63.49 a 5 year resistance point. Closing above this leads to a right shoulder failure pattern.  $80 Target. One to watch for sure. https://t.co/sKcF3Z3f7n'
2020-12-27,"b""CNN's Your Money will be having a segment on $LQMT as soon as Tuesday\nhttps://t.co/aQqxh927Rv\n\n$SM $IONS $JBLU $LIGA $ECEZ $GG $ENB $DDR $ANF $CPE"""
2020-12-27,b'@AreteTrading $ACAD $IONS'
2021-01-08,"b""@AMychkovsky Was under the impression that mRNA was derivative of antisense technology thats been around since the 90's. Believe ISIS (now $IONS) only got 1 therapy out because  targeted delivery in vivo couldn't be achieved\nVaccines for infec disease don't have to target, just be recognized"""
2021-01-08,b'RT @ionispharma: The 39th Annual J.P. Morgan Healthcare Conference is next week! Join us virtually for a company overview from CEO @BPMonia\xe2\x80\xa6'
2021-01-08,b'The 39th Annual J.P. Morgan Healthcare Conference is next week! Join us virtually for a company overview from CEO @BPMonia. Learn more: https://t.co/xUX5BLkj4T #JPM2021 #JPMweek #healthcare $IONS https://t.co/U0X25MPudh'
2021-01-08,b'$gh 1.53%\n$googl 1.52%\n$incy 1.53%\n$ions 1.53%\n$iova 1.53%\n$lgvw 1.53%\n$mass 1.53%\n$mcrb 0.00%\n$nstg 1.53%\n$ntla 0.00%\n$nvs 1.53%\n$nvta 0.00%\n$onvo 0.00%\n$pacb 0.00%\n$phr 1.53%\n$psnl 0.00%\n$pstg 0.00%\n$psti 0.00%\n$regn 1.53%\n$rhhby 1.53%\n$rptx 1.53%'
2021-01-07,b'Ionis Pharma names Eugene Schneider as its clinical development chief $IONS https://t.co/4P1uifh7xm'
2021-01-07,"b'We are pleased to announce  the appointment of Eugene Schneider, M.D., as executive vice president and chief clinical development officer at Ionis. Read more here: https://t.co/77YS05hd1H $IONS #biotech #leadership https://t.co/CjOIIblewo'"
2021-01-07,b'$ions Wondering how much cost savings using this new technology!'
2021-01-07,"b'Ionis appoints Eugene Schneider, M.D., as executive vice president and chief clinical development officer $IONS https://t.co/gMRipqeOvN'"
2021-01-07,"b'$IONS Ionis appoints Eugene Schneider, M.D., as executive vice president and chief clinical development officer\nhttps://t.co/QeOcC01wEj'"
2021-01-07,"b'Ionis appoints Eugene Schneider, M.D., as executive vice president and chief clinical development officer $IONS https://t.co/r2liGs3NPI https://t.co/NC3FPba6MN'"
2021-01-07,"b'Ionis appoints Eugene Schneider, M.D., as executive vice president and chief clinical development officer $IONS https://t.co/ydfUtI5IBd https://t.co/BbgKh70nPj'"
2021-01-07,"b'Ionis appoints Eugene Schneider, M.D., as executive vice president and chief clinical development officer $IONS https://t.co/r2liGs3NPI https://t.co/C9nE4T66RL'"
2021-01-07,"b'FDA update rare diseases, new draft IND guidance:\n- twice # drugs approved for rare diseases in last 8 years.\n- development needs to progress very swiftly to help patients.\n- At this time, development is most advanced for antisense oligonucleotide (ASO) products.\n$ANP $IONS $SRPT'"
2021-01-07,"b'@sherkfund At very least, argument that corticosteroid pre-treatment helped Patisiran in FAP is now pretty much mute.\n\nHaving said this, not having corticosteroids may partly explain why $ALNY sees most upside for Vutrisiran in cardiomyopathy.\n\n$IONS'"
2021-01-07,"b'Comparison between pipeline depth and market cap for mRNA players. $MRNA $BNTX $CVAC $SRPT $IONS $ARWR $ARCT $DRNA $RNA $VYGR. maybe ill breakdown $ALNY later but their pipeline layout is annoying.  If i missed something or made a mistake let me know, and share a screenshot https://t.co/K50z28Gi5S'"
2021-01-07,b'$biib $ions $ibb $xbi Higher-dose #Spinraza #SMA Trial Now Enrolls After No Safety Issues Found #Neurology #genomics #rna #PrecisionMedicine biotechnology #JPM21 @ARKInvest\xe2\x81\xa9  https://t.co/Y1digcLLbw'
2021-01-07,b'$ions Seeing some interesting comments from the study. https://t.co/Ezb4MiYQE3'
2021-01-07,b'$ISR more true longs joining daily getting shares in strong hands (mms trapping shorts). Free money at this level. #FDA APPROVAL yesterday for a #cancer curing product WITH NO A MONOPOLY in its field at 1.35??! SERIOUSLY?\xf0\x9f\xa4\xa3\xf0\x9f\xa4\xa3\n\n$IONS $GBT $XON $CRSP $EDIT $NTLA $PBYI $BMRN $TSRO https://t.co/oTCYghTp2n'
2021-01-07,b'$ions Replacing the RNA strand with DNA may enhance efficacy of ASO-based drugs\nhttps://t.co/tCVJQKpiIR'
2021-01-07,b'$ISR 1.31? OMG! adding!! MASSIVE NEWS. FDA APPROVED! $10 break easy\n\n$IONS $GBT $XON $CRSP $EDIT $NTLA $PBYI $BMRN $TSRO $CELG $BLUE $ALKS $ALNY $GILD $BIIB $AMGN $SGMO $ONCE $ENDP $PRGO $LCI $COLL $ANIP $MYL $OSUR $PODD $BIO $EW $ABT $MDT $ZIOP $KOOL $SRNE $CLLS $JNJ $MARA $RIOT https://t.co/tX1thF4NYY'
2021-01-07,b'RT @RNAiAnalyst: $ALNY out w/ very imp p3 results w/ long-acting subQ version of TTR RNAi drug for FAP (HELIOS-A; neuropathy). Too little d\xe2\x80\xa6'
2021-01-07,"b'@bradloncar Another avenue is by taking advantage of the market chasing high flyers $BEAM $CRSP $EDIT $NTLA while ignoring companies using ""older"" tech the quietly keep churning out approvable drugs at a high efficiency $ALNY $IONS - RNAi is absent from ARK ETFs\nhttps://t.co/sVbHcrpMfY'"
2021-01-07,"b""$IONS:\n\nNew Insider Filing on IONIS PHARMACEUTICALS INC's\n\nChief Executive Officer\n\nBRETT P MONIA:\n\nhttps://t.co/89tWPnL52f"""
2021-01-07,b'RT @RNAiAnalyst: $ALNY out w/ very imp p3 results w/ long-acting subQ version of TTR RNAi drug for FAP (HELIOS-A; neuropathy). Too little d\xe2\x80\xa6'
2021-01-07,b'RT @RNAiAnalyst: $ALNY out w/ very imp p3 results w/ long-acting subQ version of TTR RNAi drug for FAP (HELIOS-A; neuropathy). Too little d\xe2\x80\xa6'
2021-01-07,b'$ALNY out w/ very imp p3 results w/ long-acting subQ version of TTR RNAi drug for FAP (HELIOS-A; neuropathy). Too little detail (e.g. how does it compare to i.v. ONPATTRO; safety questions) to say whether good:\n\nhttps://t.co/vqzxUQWTAy\n\n$IONS'
2021-01-07,"b""$IONS:\n\nNew Insider Filing on IONIS PHARMACEUTICALS INC's\n\nEVP, Research\n\nERIC SWAYZE:\n\nhttps://t.co/DuhqiQw6UV"""
2021-01-07,b'$ISR beautiful video describing everything\nhttps://t.co/OH5JYKjQZj\n\n$IONS $GBT $XON $CRSP $EDIT $NTLA $PBYI $BMRN $TSRO $CELG $BLUE $ALKS $ALNY $GILD $BIIB $AMGN $SGMO $ONCE $ENDP $PRGO $LCI $COLL $ANIP $MYL $OSUR $PODD $BIO $EW $ABT $MDT $ZIOP $KOOL $SRNE $CLLS $JNJ $MARA $RIOT'
2021-01-07,"b""$IONS:\n\nNew Insider Filing on IONIS PHARMACEUTICALS INC's\n\nEVP &amp; General Counsel\n\nPATRICK R. O'NEIL:\n\nhttps://t.co/MR4BhFJ297"""
2021-01-07,"b""$IONS:\n\nNew Insider Filing on IONIS PHARMACEUTICALS INC's\n\nChief Scientific Officer\n\nC FRANK BENNETT:\n\nhttps://t.co/gaTfK5VuQ7"""
2021-01-07,b'$IONS new insider selling: 195 shares. https://t.co/3zLlkBB8O1'
2021-01-07,"b""$IONS:\n\nNew Insider Filing on IONIS PHARMACEUTICALS INC's\n\nEVP, Development\n\nRICHARD S GEARY:\n\nhttps://t.co/ODw2qDnNuG"""
2021-01-07,"b'$IONS Ionis Pharmaceuticals, Inc. SEC Filing: Form 4 https://t.co/PmL9A9iHGF'"
2021-01-07,"b'$IONS Ionis Pharmaceuticals, Inc. SEC Filing: Form 3 https://t.co/QxEz2QN0KA'"
2021-01-07,"b'$IONS Ionis Pharmaceuticals, Inc. SEC Filing: Form 4 https://t.co/E2ozDDlupV'"
2021-01-07,"b'Insider Eric Swayze reports selling 195 shares of $IONS for a total cost of $10,918.05 https://t.co/kR9CH5T5SJ'"
2021-01-07,"b'$IONS Ionis Pharmaceuticals, Inc. SEC Filing: Form 4 https://t.co/lH5Che7IFE'"
2021-01-06,b'$gh 2.53%\n$googl 2.52%\n$incy 2.53%\n$ions 2.53%\n$iova 2.53%\n$lgvw 2.53%\n$mass 2.53%\n$mcrb 0.00%\n$nstg 2.53%\n$ntla 0.00%\n$nvs 2.53%\n$nvta 0.00%\n$onvo 0.00%\n$pacb 0.00%\n$phr 2.53%\n$psnl 0.00%\n$pstg 0.00%\n$psti 0.00%\n$regn 2.53%\n$rhhby 4.50%\n$rptx 2.81%'
2021-01-06,"b'$ions $alny $biib $azn $amgn $regn l think it speaks just to the enormous potential that drugging #RNA has, unlocking an entirely new set of drugs for the industry would be huge,\xe2\x80\x9d says #Ribometrix CEO Solomon, 15 mos after inking a deal to work with $vrtx  https://t.co/XZFEs9qHIU'"
2021-01-06,b'RT @biostonks: A list of mRNA players $MRNS $BNTX $ALNY $CVAC $SRPT $CRSP $IONS $ARWR $NTLA $ARTC $DRNA $TBIO $RNA $DTLA $SLN $HOOK $ABUS $\xe2\x80\xa6'
2021-01-06,"b'A list of mRNA players $MRNS $BNTX $ALNY $CVAC $SRPT $CRSP $IONS $ARWR $NTLA $ARTC $DRNA $TBIO $RNA $DTLA $SLN $HOOK $ABUS $VYGR $PRQR $ELOX $XCUR $BNTC if you want one added provide a link so I can read it, thanks https://t.co/mdFwZzwGjb'"
2021-01-06,b'$ISR MASSIVE FDA NEWS gonna break $3 today\xf0\x9f\x92\xb8\n\n$IONS $GBT $XON $CRSP $EDIT $NTLA $PBYI $BMRN $TSRO $CELG $BLUE $ALKS $ALNY $GILD $BIIB $AMGN $SGMO $ONCE $ENDP $PRGO $LCI $COLL $ANIP $EGRX $MYL $OSUR $PODD $TNDM $BIO $EW $ABT $MDT $ZIOP $KOOL $SRNE $CLLS $JNJ $MARA $RIOT $NVCR $AMT https://t.co/dfy8gbIY1u'
