2021-01-04,Pampa Energia S.A. -- Moody's changes Edenor's outlook to negative; affirms Pampa's ratings
2020-12-31,Pampa Energia S.A. -- Moody's changes Edenor's outlook to negative; affirms Pampa's ratings
2020-11-22,2 Underperforming Holdings to Ease Up On
2020-11-11,Edenor SA to Host Earnings Call
2020-08-13,Pampa Energia S.A. (PAM) Q2 2020 Earnings Call Transcript
2020-07-09,5 Undervalued Companies With High Piotroski F-Scores
2020-07-06,5 Utilities Trading With Low Price-Earnings Ratios
2020-05-13,Pampa Energia S.A. (PAM) Q1 2020 Earnings Call Transcript
2020-03-09,Edenor SA to Host Earnings Call
2019-12-22,Is Empresa Distribuidora y Comercializadora Norte Sociedad Anonima (EDN) Going to Burn These Hedge Funds?
2019-12-11,Is Empresa (EDN) a Profitable Stock for Value Investors Now?
2019-10-28,Is EDENOR S.A. (EDN) A Good Stock To Buy?
2019-09-03,Edited Transcript of EDN.BA earnings conference call or presentation 12-Aug-19 2:00pm GMT
2019-05-27,Edited Transcript of EDN.BA earnings conference call or presentation 13-May-19 2:00pm GMT
2019-05-27,Some Edison (WSE:EDN) Shareholders Have Copped A Big 58% Share Price Drop
2019-05-02,Here is What Hedge Funds Think About Empresa Distribuidora y Comercializadora Norte Sociedad Anónima  (EDN)
2019-04-23,Risk-Reward With Empresa Distribuidora
2019-04-18,Is Empresa (EDN) a Great Value Stock Right Now?
2019-03-13,Edited Transcript of EDN.BA earnings conference call or presentation 11-Mar-19 2:00pm GMT
2018-12-04,Edited Transcript of EDN.BA earnings conference call or presentation 12-Nov-18 3:00pm GMT
2018-08-30,Edited Transcript of EDN.BA earnings conference call or presentation 13-Aug-18 2:00pm GMT
2018-08-14,Edited Transcript of EDN.BA earnings conference call or presentation 13-Mar-18 2:00pm GMT
2018-06-14,Want To Invest In Edison SA. (WSE:EDN)? Heres How It Performed Lately
2018-05-24,Is Edison SA. (WSE:EDN) A Financially Sound Company?
2018-05-21,Edited Transcript of EDN.BA earnings conference call or presentation 14-May-18 1:00pm GMT
2018-05-09,Should You Be Tempted To Buy Edison SA. (WSE:EDN) At Its Current PE Ratio?
2018-05-07,Empresa Distribuidora (EDN) Enters Oversold Territory
2018-05-02,"Edison SA. (WSE:EDN) Delivered A Better ROE Than The Industry, Heres Why"
2017-11-27,"ETFs with exposure to Edenor SA : November 27, 2017"
2017-11-15,"ETFs with exposure to Edenor SA : November 15, 2017"
2017-09-15,[$$] Argentina Makes Progress on Economic Reforms
2017-05-24,"Edenor SA :EDN-US: Earnings Analysis: Q1, 2017 By the Numbers : May 24, 2017"
2017-04-28,"Edenor Informs The Market Of The Filing Of Its Annual Report On Form 20-F For The Fiscal Year Ended December 31, 2016."
2017-04-11,"Edenor SA :EDN-US: Earnings Analysis: Q4, 2016 By the Numbers : April 11, 2017"
2017-04-11,"Edenor SA :EDN-US: Earnings Analysis: 2016 By the Numbers : April 11, 2017"
2017-02-08,Top Ranked Momentum Stocks to Buy for February 8th
2017-02-01,Empresa (EDN) Worth a Looks: Stock Adds 7.6% in Session
2016-12-01,5 Utility Stocks You Can Do Without This December
2016-11-21,"Edenor SA :EDN-US: Earnings Analysis: Q3, 2016 By the Numbers : November 21, 2016"
2016-08-19,"Edenor SA :EDN-US: Earnings Analysis: Q2, 2016 By the Numbers : August 19, 2016"
2016-08-18,Argentina: Tax Amnesty For $400B In Hidden Assets?
2016-07-27,EDENOR Financials
2016-05-26,"Edenor SA :EDN-US: Earnings Analysis: Q1, 2016 By the Numbers : May 26, 2016"
2016-05-11,Genneia S.A. -- Moody's recalibrates Argentina's national rating scale and repositions national scale ratings of infrastructure issuers.
2016-05-11,Genneia S.A. -- Moody's recalibrates Argentina's national rating scale and repositions national scale ratings of infrastructure issuers.
2016-05-04,EDENOR Financials
2016-04-27,"Edenor informs the market of the filing of its annual report on form 20-F for the fiscal year ended december 31, 2015"
2016-04-21,Genneia S.A. -- Moody's upgrades Argentine Utilities and Infrastructure issuers
2016-04-21,Genneia S.A. -- Moody's upgrades Argentine Utilities and Infrastructure issuers
2016-04-21,Aeropuertos Argentina 2000 S.A. -- Moody's upgrades Argentine Utilities and Infrastructure issuers
2016-04-21,Aeropuertos Argentina 2000 S.A. -- Moody's upgrades Argentine Utilities and Infrastructure issuers
2016-03-23,"Edenor SA :EDN-US: Earnings Analysis: Q4, 2015 By the Numbers"
2016-03-22,Edenor SA :EDN-US: Earnings Analysis: 2015 By the Numbers
2016-02-01,Empresa Distribuidora Norte S.A. -- Moody's upgrades Edenor ratings to Caa2/Ba2.ar; outlook positive
2016-02-01,Empresa Distribuidora Norte S.A. -- Moody's upgrades Edenor ratings to Caa2; outlook positive
2015-12-21,"Edenor SA Earnings Analysis: Q3, 2015 By the Numbers"
2015-11-27,More And More Hedge Funds Are Selling Silver Bay Realty Trust Corp (SBY)
2015-11-26,Is Blueprint Medicines Corp (BPMC) Going to Burn These Hedge Funds?
2015-11-16,Zombie Bonds No More as Argentina Vote Stokes Utilities Windfall
2015-11-04,Genneia S.A. -- Moody's changes outlook to stable for Argentine Infrastructure Issuers; places Edenor under review for upgrade
2015-11-04,"Aeropuertos Argentina 2000 S.A. -- Moody's changes EDESA's outlook to stable, affirms TGS and AA2000 ratings and places Edenor under review for upgrade"
2015-08-28,"Edenor SA Earnings Q2, 2015"
2015-08-24,"Edenor Informs The Market Of The Filing Of Its Annual Report On Form 20-F For The Fiscal Year Ended December 31, 2014"
2015-08-24,Argentina To Sell State Stake In Stocks?
2015-07-10,Mid-Morning Market Update: Markets Surge; PriceSmart Posts Mixed Results
2015-03-18,Fourth Q.14 - Earnings Release
2015-01-09,"EDENOR S.A. Informs to the Market that it has Filed its Annual Report on Form 20-F for the Fiscal Year Ended December 31, 2013"
2014-09-05,Emerging Market Week in Review
2014-09-04,Argentina Stocks Drop On Bond Default Vote
2014-08-28,Empresa Distribuidora Y Comercializadora No Stock Downgraded (EDN)
2014-08-26,Kite Pharmaceuticals Releases Positive Non-Hodgkin's Lymphoma Result; iKang Healthcare Disappoints
2014-08-26,DSW Jumps On Upbeat Results; Trina Solar Shares Drop
2014-07-31,[video] Argentina disputing debt default
2014-07-31,[video] ISDA requested to make Argentina ruling
2014-07-31,[video] Argentine stocks tumble after default news
2014-07-09,Today's Top Performers In Utilities
2014-07-01,4 Emerging Markets Stocks On Winning Streaks
2014-06-26,What Will Happen to These ADRs if Argentina Defaults?
2014-06-24,Utility Sector Rises; Elizabeth Arden Shares Slide Over 3.6%
2014-06-24,Micron Gains On Upbeat Earnings; Elizabeth Arden Shares Slide
2014-06-17,Stock Downgrades: Travelers Going Nowhere Fast
2014-06-17,Argentina refuses to submit to 'extortion' on debt
2014-06-17,Argentina Heads For Another Sovereign Default
2014-03-17,4 Stocks Under $10 Making Big Moves
2014-03-11,SectorCast Rankings Take A Neutral Slant As Market Hits New Highs
2014-02-08,Edenor: Trading At A Bargain Price
2014-01-26,Avoid Argentina Stocks This Year
2013-12-13,4 Stocks Under $10 to Trade for Breakouts
2013-11-15,4 Stocks Under $10 to Trade for Breakouts
2013-09-06,Empresa Distribuidora Norte S.A. -- Moody's downgrades Edenor's to Caa3/Caa3.ar; Negative outlook
2013-04-16,Dividend yielding stocks that stand apart as multiples swell
2013-02-26,Argentina's Errant Energy Policy
2012-11-26,Should You Invest In Argentina Stocks Now?
2012-08-24,Utilities Sector Wrap
2012-07-25,Utilities Sector Wrap
2012-07-05,Utilities Sector Wrap
2012-06-04,Utilities Sector Wrap
2012-05-31,Utilities Sector Wrap
2012-05-23,"Empresa Distribuidora y Comercializadora Norte, School Specialty: Biggest Price Gainers (EDN, SCHS)"
2012-05-21,Utilities Sector Wrap
