2021-01-08,P/E Ratio Insights for Cooper Companies
2021-01-07,CooperCompanies Declares Cash Dividend
2020-12-28,Here's Why You Should Retain Cooper Companies (COO) Stock
2020-12-22,"Is There Now An Opportunity In The Cooper Companies, Inc. (NYSE:COO)?"
2020-12-21,CooperCompanies to Present at J.P. Morgan Healthcare Conference
2020-12-21,Is COO A Good Stock To Buy According To Hedge Funds?
2020-12-17,CooperCompanies Sets Annual Meeting and Stockholder Record Dates
2020-12-10,"A. Thomas Bender and Allan E. Rubenstein, M.D. to Retire from CooperCompanies Board"
2020-12-04,Cooper Companies (COO) Q4 Earnings & Revenues Top Estimates
2020-12-03,The Cooper Companies (COO) Q4 2020 Earnings Call Transcript
2020-12-03,Cooper Cos. (COO) Q4 Earnings and Revenues Beat Estimates
2020-12-03,Cooper Companies: Q4 Earnings Insights
2020-12-03,CooperCompanies Announces Fourth Quarter and Full Year 2020 Results
2020-12-03,"The Cooper Cos., Inc. to Host Earnings Call"
2020-12-02,Earnings Preview: Cooper Companies
2020-11-29,"Zoom, Salesforce, Kroger, Snowflake, and Other Stocks for Investors to Watch This Week"
2020-11-26,Earnings Preview: Cooper Cos. (COO) Q4 Earnings Expected to Decline
2020-11-26,Cooper Companies (COO) to Post Q4 Earnings: What's in Store?
2020-11-26,"If You Had Bought Cooper Companies (NYSE:COO) Stock Five Years Ago, You Could Pocket A 120% Gain Today"
2020-11-24,Here's Why You Should Invest in Cooper Companies (COO) Stock
2020-11-12,CooperCompanies Elects Teresa S. Madden to Board of Directors
2020-11-10,"Were Hedge Funds Right About Piling Into The Cooper Companies, Inc. (COO)?"
2020-11-10,"Following U.S. Success, CooperVision's Brilliant Futures Myopia Management Program Expands Globally"
2020-11-03,CooperCompanies Announces Release Date for Fourth Quarter and Full Year 2020
2020-10-27,"Does This Valuation Of The Cooper Companies, Inc. (NYSE:COO) Imply Investors Are Overpaying?"
2020-10-19,CooperSurgical and NYU Langone Fertility Center Announce Study Data Showing Significant Increase in Ongoing Pregnancy and Live Birth Rates with Genetic Test Using Artificial Intelligence (PGTai 2.0 platform) for Patients Undergoing IVF
2020-10-09,CooperVision Presents Six-Year Data from MiSight® 1 Day Study; 23% of Eyes Showed No Additional Myopia Progression After Fitting
2020-10-03,Why Is Cooper Cos. (COO) Up 9.3% Since Last Earnings Report?
2020-10-01,"The Cooper Companies, Inc.'s (NYSE:COO) Stock Is Going Strong: Have Financials A Role To Play?"
2020-09-21,Cooper Companies Relative Strength Rating Climbs To 73
2020-09-21,Here's Why You Should Retain Cooper Companies (COO) Stock
2020-09-14,"Hedge Funds Have Never Been This Bullish On The Cooper Companies, Inc. (COO)"
2020-09-12,Tired of the Tesla Roller Coaster? Try These Safer Stocks Instead
2020-09-10,CooperCompanies and Divisions Named One of Fortunes Best Large Workplaces in Manufacturing and Production
2020-09-08,The Cooper (COO) Soars: Stock Adds 5.4% in Session
2020-09-07,Cooper Companies Gains Over 5% On Strong 3Q Results
2020-09-05,"Have Insiders Been Buying The Cooper Companies, Inc. (NYSE:COO) Shares?"
2020-09-04,"Analyst Report: The Cooper Companies, Inc."
2020-09-04,Cooper Companies (COO) Q3 Earnings & Revenues Top Estimates
2020-09-04,The Cooper Companies (COO) Q3 2020 Earnings Call Transcript
2020-09-03,Cooper Companies: Q3 Earnings Insights
2020-09-03,CooperCompanies Announces Third Quarter 2020 Results
2020-09-02,Earnings Outlook For Cooper Companies
2020-08-31,CooperCompanies to Participate in the Oppenheimer Fall Healthcare Life Sciences & MedTech Summit
2020-08-31,Cooper Companies (COO) to Post Q3 Earnings: What's in Store?
2020-08-31,"Zoom Video, Broadcom, DocuSign, and Other Stocks for Investors to Watch This Week"
2020-08-26,CooperVision Announces Sarah Michelle Gellar as Spokesperson to Increase Awareness of Myopia Management and the Brilliant Futures Program with MiSight® 1 day Contact Lens
2020-08-24,"Bausch Spinoff Plan Could Double Your Money, J.P. Morgan Says"
2020-08-19,CooperCompanies to Participate in the Morgan Stanley Virtual Global Healthcare Conference
2020-08-13,CooperCompanies to Participate in the Wells Fargo Virtual Healthcare Conference
2020-08-06,CooperCompanies Announces Release Date for Third Quarter 2020
2020-08-05,PDCO vs. COO: Which Stock Should Value Investors Buy Now?
2020-07-20,"Did Hedge Funds Make The Right Call On The Cooper Companies, Inc. (COO) ?"
2020-07-11,Top Insider Buys Highlight for the Week of July 10
2020-07-09,CooperCompanies Declares Cash Dividend
2020-07-06,"CooperCompanies Appoints Holly Sheffield as President, CooperSurgical and Announces Robert Auerbach, M.D. to Retire"
2020-07-02,New Strong Sell Stocks for July 2nd
2020-06-30,Tuesday Morning Market Highlights
2020-06-25,New Strong Sell Stocks for June 25th
2020-06-15,The Cooper Companies (COO): Hedge Funds Taking Some Chips Off The Table
2020-06-09,Edited Transcript of COO earnings conference call or presentation 4-Jun-20 9:00pm GMT
2020-06-05,Friday Morning Market Highlights
2020-06-05,Cooper Companies (COO) Misses on Q2 Earnings and Revenues
2020-06-05,Cooper Companies Inc (COO) Q2 2020 Earnings Call Transcript
2020-06-04,Cooper Cos. (COO) Misses Q2 Earnings and Revenue Estimates
2020-06-04,CooperCompanies Announces Second Quarter 2020 Results
2020-06-04,"The Cooper Cos., Inc. to Host Earnings Call"
2020-06-01,Cooper Companies (COO) to Post Q2 Earnings: What's in Store?
2020-05-28,Thursday Morning Market Highlights
2020-05-28,Analysts Estimate Cooper Cos. (COO) to Report a Decline in Earnings: What to Look Out for
2020-05-14,Cooper Companies (NYSE:COO) Shareholders Have Enjoyed A 65% Share Price Gain
2020-05-07,CooperCompanies Announces Release Date for Second Quarter 2020
2020-04-21,"Why The Cooper Companies, Inc. (NYSE:COO) Could Be Worth Watching"
2020-04-13,Here's Why You Should Invest in Cooper Companies (COO) Stock
2020-04-13,Masimo SafetyNet to Help Clinicians Fight Coronavirus Better
2020-04-09,AngioDyanamics (ANGO) Q3 Earnings and Revenues Top Estimates
2020-04-04,Cooper Cos. (COO) Down 14% Since Last Earnings Report: Can It Rebound?
2020-04-03,MCK vs. COO: Which Stock Is the Better Value Option?
2020-04-01,CooperCompanies Announces $2.14 Billion Senior Credit Facility and Amendment of $500 Million 364-Day Credit Facility
2020-03-30,"Has The Cooper Companies, Inc. (NYSE:COO) Improved Earnings Growth In Recent Times?"
2020-03-18,MCK vs. COO: Which Stock Should Value Investors Buy Now?
2020-03-17,"Hedge Funds Were Dumping The Cooper Companies, Inc. (COO) Before The Coronavirus"
2020-03-13,Here's Why You Should Buy Cooper Companies (COO) Stock Now
2020-03-09,Edited Transcript of COO earnings conference call or presentation 5-Mar-20 10:00pm GMT
2020-03-09,Stocks Showing Rising Market Leadership: Cooper Companies Earns 85 RS Rating
2020-03-06,"Cooper Companies (COO) Misses on Q1 Earnings, Lifts View"
2020-03-05,Cooper Cos. (COO) Q1 Earnings and Revenues Miss Estimates
2020-03-05,CooperCompanies Announces First Quarter 2020 Results
2020-03-05,"The Cooper Cos., Inc. to Host Earnings Call"
2020-03-03,What's in Store for Cooper Companies (COO) Q1 Earnings?
2020-02-27,Stocks To Watch Ahead Of Earnings: Cooper Companies
2020-02-27,Analysts Estimate Cooper Cos. (COO) to Report a Decline in Earnings: What to Look Out for
2020-02-26,Why Cooper Cos. (COO) is Poised to Beat Earnings Estimates Again
2020-02-24,"Estimating The Intrinsic Value Of The Cooper Companies, Inc. (NYSE:COO)"
2020-02-18,CooperCompanies to Participate in the Oppenheimer Annual Healthcare Conference
2020-02-12,CooperCompanies Joins Major Corporations in Signing CEO Action for Diversity & Inclusion Pledge
2020-02-11,CooperCompanies to Participate in the Barclays Global Healthcare Conference
2020-02-07,"CooperCompanies Appoints Mark Drury as New Vice President, General Counsel and Corporate Secretary and Announces Randal L. Golden to Retire"
2020-02-04,CooperCompanies Announces Release Date for First Quarter 2020
2020-01-29,I Ran A Stock Scan For Earnings Growth And Cooper Companies (NYSE:COO) Passed With Ease
